{
  "name": "Preset 2 Shard Pluck",
  "values": {
    "octave": 0,
    "master": 0.8372838846842448,
    "grain": 1,
    "osc1WtPos": 0.1543211195203993,
    "osc1Pitch": -0.000012207031254263256,
    "osc1Detune": -11,
    "osc1MutAType": 1,
    "osc1MutA1": 0.40740746392144095,
    "osc1MutA2": 0.27160491943359377,
    "osc1MutA3": 0.38271620008680557,
    "osc1MutBType": 3,
    "osc1MutB1": 0.3641974555121528,
    "osc1MutB2": 0.030864291720920145,
    "osc1MutB3": 0.27160508897569446,
    "osc2WtPos": 0.91,
    "osc2Pitch": 36,
    "osc2Detune": -13.864189995659729,
    "osc2MutAType": 2,
    "osc2MutA1": 1,
    "osc2MutA2": 0.8765433417426215,
    "osc2MutA3": 0.27777828640407976,
    "osc2MutBType": 2,
    "osc2MutB1": 0.46,
    "osc2MutB2": 0,
    "osc2MutB3": 0,
    "pmDepth": 0,
    "oscMix": 0.10493825276692703,
    "oscAmp": 0,
    "filt1Type": 1,
    "filt1Cutoff": 1438.4399129925084,
    "filt1KeyTrack": 0.92,
    "filt1Reso": 0.823313432555489,
    "filt1Morph": 0,
    "filt2Type": 5,
    "filt2Cutoff": 83.92786057300093,
    "filt2KeyTrack": 1,
    "filt2Reso": 2.2399263348562926,
    "filt2Morph": 0.4417282443576389,
    "filt2SwitchIn": 1,
    "filtMix": 1,
    "env1Mode": 0,
    "env1Target": 9,
    "env1Amount": 1,
    "env1Attack": 0.10000000000000002,
    "env1AttackShape": 1.6296305338541668,
    "env1Decay": 1648.986720427266,
    "env1DecayShape": -4.851855468749999,
    "env1Sustain": 0.1111111111111111,
    "env1Release": 1109.2121525913394,
    "env2Mode": 0,
    "env2Target": 22,
    "env2Amount": 0.596048855251736,
    "env2Attack": 0.4,
    "env2AttackShape": -3,
    "env2Decay": 186.80503112966164,
    "env2DecayShape": -3.1481486002604164,
    "env2Sustain": 0,
    "env2Release": 22.71882790062098,
    "env3Mode": 0,
    "env3Target": 31,
    "env3Amount": 0.82,
    "env3Attack": 0.5,
    "env3AttackShape": -3,
    "env3Decay": 130,
    "env3DecayShape": -4,
    "env3Sustain": 0,
    "env3Release": 160,
    "env4Mode": 0,
    "env4Target": 2,
    "env4Amount": -0.62,
    "env4Attack": 0.6,
    "env4AttackShape": -1,
    "env4Decay": 110,
    "env4DecayShape": -4,
    "env4Sustain": 0,
    "env4Release": 120,
    "env5Mode": 0,
    "env5Target": 0,
    "env5Amount": 0,
    "env5Attack": 5,
    "env5AttackShape": -1,
    "env5Decay": 160,
    "env5DecayShape": -2,
    "env5Sustain": 0,
    "env5Release": 80,
    "env6Mode": 0,
    "env6Target": 0,
    "env6Amount": 0,
    "env6Attack": 5,
    "env6AttackShape": -1,
    "env6Decay": 160,
    "env6DecayShape": -2,
    "env6Sustain": 0,
    "env6Release": 80
  }
}
