{
  "name": "Preset 1 Dirtynth",
  "values": {
    "octave": -2,
    "master": 0.42839508056640624,
    "grain": 2,
    "osc1WtPos": 0.20370364718967016,
    "osc1Pitch": 0,
    "osc1Detune": 0,
    "osc1MutAType": 2,
    "osc1MutA1": 1,
    "osc1MutA2": 1,
    "osc1MutA3": 0,
    "osc1MutBType": 3,
    "osc1MutB1": 0.17901238335503472,
    "osc1MutB2": 0,
    "osc1MutB3": 0,
    "osc2WtPos": 0.5,
    "osc2Pitch": 0,
    "osc2Detune": 0,
    "osc2MutAType": 2,
    "osc2MutA1": 0,
    "osc2MutA2": 0,
    "osc2MutA3": 0,
    "osc2MutBType": 2,
    "osc2MutB1": 0,
    "osc2MutB2": 0,
    "osc2MutB3": 0,
    "pmDepth": 0,
    "oscMix": 0,
    "oscAmp": 0,
    "filt1Type": 0,
    "filt1Cutoff": 20000,
    "filt1KeyTrack": 0,
    "filt1Reso": 0.707,
    "filt1Morph": 0,
    "filt2Type": 5,
    "filt2Cutoff": 33.36214098457895,
    "filt2KeyTrack": 1,
    "filt2Reso": 3.3137690373737687,
    "filt2Morph": 1,
    "filt2SwitchIn": 0,
    "filtMix": 1,
    "env1Mode": 0,
    "env1Target": 9,
    "env1Amount": 1,
    "env1Attack": 0.10000000000000002,
    "env1AttackShape": -1,
    "env1Decay": 100,
    "env1DecayShape": -2,
    "env1Sustain": 1,
    "env1Release": 1,
    "env2Mode": 0,
    "env2Target": 23,
    "env2Amount": 0.4938273111979168,
    "env2Attack": 0.10000000000000002,
    "env2AttackShape": -4.4814819335937495,
    "env2Decay": 2424.8480656529955,
    "env2DecayShape": -6,
    "env2Sustain": 0,
    "env2Release": 80,
    "env3Mode": 0,
    "env3Target": 12,
    "env3Amount": 0.5555555555555558,
    "env3Attack": 0.15511622559257757,
    "env3AttackShape": -1,
    "env3Decay": 2424.8480656529937,
    "env3DecayShape": -3.8518513997395836,
    "env3Sustain": 0,
    "env3Release": 80,
    "env4Mode": 0,
    "env4Target": 13,
    "env4Amount": 0.5061726888020834,
    "env4Attack": 0.5517875277543187,
    "env4AttackShape": -1,
    "env4Decay": 3779.4647994866373,
    "env4DecayShape": -3.2592610677083336,
    "env4Sustain": 0,
    "env4Release": 80,
    "env5Mode": 0,
    "env5Target": 0,
    "env5Amount": 0,
    "env5Attack": 5,
    "env5AttackShape": -1,
    "env5Decay": 160,
    "env5DecayShape": -2,
    "env5Sustain": 0,
    "env5Release": 80,
    "env6Mode": 0,
    "env6Target": 0,
    "env6Amount": 0,
    "env6Attack": 5,
    "env6AttackShape": -1,
    "env6Decay": 160,
    "env6DecayShape": -2,
    "env6Sustain": 0,
    "env6Release": 80
  }
}
